2 0.32109375 0.6578125 0.0359375 0.08359375
2 0.51640625 0.353125 0.0578125 0.08671875
2 0.45546875 0.8015625 0.0453125 0.0859375
2 0.1265625 0.52421875 0.03828125 0.05703125
2 0.20390625 0.6921875 0.03984375 0.05625
2 0.4328125 0.3375 0.053125 0.05546875
2 0.65 0.5796875 0.03125 0.07578125
2 0.7265625 0.59609375 0.0234375 0.0640625
2 0.74453125 0.25703125 0.03125 0.05
2 0.50234375 0.13046875 0.0265625 0.08203125
2 0.4140625 0.13671875 0.028125 0.08046875
2 0.62265625 0.084375 0.02734375 0.04921875
2 0.72578125 0.03984375 0.0484375 0.04921875
2 0.33984375 0.2921875 0.0515625 0.1015625