2 0.28046875 0.6953125 0.0703125 0.13828125
2 0.22734375 0.21484375 0.0703125 0.11171875
2 0.32109375 0.065625 0.03515625 0.04765625
2 0.37734375 0.22421875 0.03046875 0.04375
2 0.20703125 0.37421875 0.03515625 0.04921875
2 0.17578125 0.3953125 0.0296875 0.0421875
2 0.23828125 0.309375 0.0375 0.03984375
2 0.37578125 0.678125 0.04765625 0.046875
2 0.3109375 0.4375 0.01875 0.0234375
2 0.37578125 0.49140625 0.03046875 0.04765625
1 0.02890625 0.3609375 0.0578125 0.065625
1 0.0625 0.4640625 0.0546875 0.0890625
1 0.01640625 0.528125 0.0328125 0.08125
2 0.36796875 0.1046875 0.02578125 0.046875
2 0.4078125 0.06328125 0.0203125 0.03515625
2 0.40078125 0.70390625 0.0421875 0.046875