2 0.259375 0.52578125 0.03203125 0.046875
2 0.43359375 0.27734375 0.07578125 0.10390625
2 0.34140625 0.71796875 0.040625 0.04453125
2 0.48515625 0.43515625 0.03671875 0.03359375
2 0.09453125 0.60703125 0.0484375 0.0625
2 0.646875 0.5921875 0.02734375 0.040625
2 0.80390625 0.2265625 0.0203125 0.03359375
2 0.121875 0.34375 0.07421875 0.0890625
2 0.33984375 0.3375 0.046875 0.04765625
2 0.11796875 0.15 0.02734375 0.02421875
2 0.38359375 0.60859375 0.01953125 0.03359375
2 0.67421875 0.74609375 0.02265625 0.03671875
2 0.56953125 0.64140625 0.01875 0.03515625
2 0.496875 0.778125 0.0171875 0.0265625
1 0.87578125 0.28046875 0.04921875 0.05859375
1 0.24921875 0.309375 0.0609375 0.10390625
2 0.53984375 0.815625 0.01640625 0.02890625