2 0.328125 0.28125 0.03359375 0.0484375
2 0.5453125 0.15078125 0.0328125 0.065625
2 0.5484375 0.24765625 0.0484375 0.0390625
2 0.27734375 0.34140625 0.03828125 0.03671875
2 0.26171875 0.54765625 0.03046875 0.053125
2 0.07109375 0.60859375 0.03359375 0.02265625
2 0.7234375 0.63125 0.046875 0.04140625
2 0.8359375 0.5984375 0.0453125 0.04921875
2 0.24765625 0.4421875 0.03203125 0.06640625
2 0.4359375 0.440625 0.090625 0.1125
2 0.6 0.3609375 0.01171875 0.03359375
2 0.72421875 0.52578125 0.02421875 0.0703125
2 0.37578125 0.6296875 0.0296875 0.06875