2 0.3203125 0.14765625 0.15078125 0.15234375
2 0.40078125 0.40234375 0.05234375 0.07421875
2 0.57421875 0.4671875 0.065625 0.09140625
2 0.5984375 0.2296875 0.10703125 0.240625
2 0.0765625 0.0796875 0.07265625 0.10625
2 0.15703125 0.08515625 0.034375 0.128125
2 0.18359375 0.29453125 0.07734375 0.16484375
2 0.43671875 0.74375 0.0265625 0.03359375
2 0.6984375 0.81328125 0.04375 0.06015625
2 0.75390625 0.6796875 0.028125 0.059375
2 0.721875 0.50546875 0.10078125 0.103125
1 0.8328125 0.1703125 0.0859375 0.1640625
2 0.709375 0.328125 0.04765625 0.09453125